letter-probability matrix: alength= 4 w= 41 nsites= 9 E= 1.7e-013 
1    0.666667  0.222222  0.111111  0.000000 
2    0.000000  0.000000  0.666667  0.333333 
3    0.111111  0.555556  0.111111  0.222222 
4    0.222222  0.333333  0.000000  0.444444 
5    0.000000  0.444444  0.222222  0.333333 
6    0.000000  0.555556  0.111111  0.333333 
7    0.555556  0.111111  0.222222  0.111111 
8    0.111111  0.222222  0.666667  0.000000 
9    0.027744  0.472256  0.472256  0.027744 
10    0.000000  0.666667  0.000000  0.333333 
11    0.000000  0.888889  0.111111  0.000000 
12    0.000000  1.000000  0.000000  0.000000 
13    0.000000  1.000000  0.000000  0.000000 
14    0.111111  0.777778  0.111111  0.000000 
15    0.000000  0.444444  0.000000  0.555556 
16    0.000000  1.000000  0.000000  0.000000 
17    0.000000  1.000000  0.000000  0.000000 
18    0.000000  0.888889  0.111111  0.000000 
19    0.000000  0.888889  0.111111  0.000000 
20    0.000000  1.000000  0.000000  0.000000 
21    0.333333  0.333333  0.333333  0.000000 
22    0.000000  0.777778  0.222222  0.000000 
23    0.111111  0.888889  0.000000  0.000000 
24    0.000000  1.000000  0.000000  0.000000 
25    0.111111  0.777778  0.000000  0.111111 
26    0.000000  0.888889  0.000000  0.111111 
27    0.222222  0.777778  0.000000  0.000000 
28    0.111111  0.333333  0.000000  0.555556 
29    0.222222  0.000000  0.555556  0.222222 
30    0.333333  0.333333  0.000000  0.333333 
31    0.666667  0.333333  0.000000  0.000000 
32    0.111111  0.111111  0.333333  0.444444 
33    0.222222  0.111111  0.000000  0.666667 
34    0.333333  0.555556  0.000000  0.111111 
35    0.555556  0.000000  0.000000  0.444444 
36    0.000000  0.333333  0.333333  0.333333 
37    0.111111  0.666667  0.222222  0.000000 
38    0.333333  0.666667  0.000000  0.000000 
39    0.333333  0.555556  0.000000  0.111111 
40    0.000000  0.888889  0.000000  0.111111 
41    0.555556  0.333333  0.111111  0.000000 
//
letter-probability matrix: alength= 4 w= 21 nsites= 8 E= 1.9e-001 
1    0.000000  0.000000  0.000000  1.000000 
2    0.500000  0.125000  0.000000  0.375000 
3    0.625000  0.125000  0.000000  0.250000 
4    0.000000  0.000000  0.125000  0.875000 
5    0.000000  0.250000  0.125000  0.625000 
6    0.125000  0.000000  0.000000  0.875000 
7    0.000000  0.000000  0.125000  0.875000 
8    0.000000  0.375000  0.000000  0.625000 
9    0.000000  0.000000  0.125000  0.875000 
10    0.000000  0.375000  0.000000  0.625000 
11    0.625000  0.000000  0.125000  0.250000 
12    0.750000  0.000000  0.000000  0.250000 
13    1.000000  0.000000  0.000000  0.000000 
14    0.875000  0.000000  0.000000  0.125000 
15    0.250000  0.000000  0.000000  0.750000 
16    0.625000  0.250000  0.000000  0.125000 
17    0.875000  0.000000  0.125000  0.000000 
18    1.000000  0.000000  0.000000  0.000000 
19    1.000000  0.000000  0.000000  0.000000 
20    0.875000  0.000000  0.000000  0.125000 
21    0.625000  0.000000  0.000000  0.375000 
//